+--------------------------------------------------------------------------------------------------------------------------------------------------------------------------------------------------------------------------------------------------------+
; Legal Partition Candidates                                                                                                                                                                                                                             ;
+---------------------------------------------------+-------+----------------+--------------+----------------+--------+-----------------+---------------+-----------------+-------+----------------+--------------+------------------+-------------------+
; Hierarchy                                         ; Input ; Constant Input ; Unused Input ; Floating Input ; Output ; Constant Output ; Unused Output ; Floating Output ; Bidir ; Constant Bidir ; Unused Bidir ; Input only Bidir ; Output only Bidir ;
+---------------------------------------------------+-------+----------------+--------------+----------------+--------+-----------------+---------------+-----------------+-------+----------------+--------------+------------------+-------------------+
; mc                                                ; 3     ; 5              ; 0            ; 5              ; 4      ; 5               ; 5             ; 5               ; 0     ; 0              ; 0            ; 0                ; 0                 ;
; flags_register                                    ; 5     ; 3              ; 0            ; 3              ; 2      ; 3               ; 3             ; 3               ; 0     ; 0              ; 0            ; 0                ; 0                 ;
; logic_unit                                        ; 18    ; 10             ; 0            ; 10             ; 18     ; 10              ; 10            ; 10              ; 0     ; 0              ; 0            ; 0                ; 0                 ;
; b_register                                        ; 12    ; 2              ; 0            ; 2              ; 16     ; 2               ; 2             ; 2               ; 0     ; 0              ; 0            ; 0                ; 0                 ;
; a_register                                        ; 12    ; 2              ; 0            ; 2              ; 16     ; 2               ; 2             ; 2               ; 0     ; 0              ; 0            ; 0                ; 0                 ;
; output_register                                   ; 12    ; 10             ; 0            ; 10             ; 16     ; 10              ; 10            ; 10              ; 0     ; 0              ; 0            ; 0                ; 0                 ;
; instruction_register                              ; 12    ; 10             ; 0            ; 10             ; 16     ; 10              ; 10            ; 10              ; 0     ; 0              ; 0            ; 0                ; 0                 ;
; memory|memory|altsyncram_component|auto_generated ; 18    ; 0              ; 0            ; 0              ; 8      ; 0               ; 0             ; 0               ; 0     ; 0              ; 0            ; 0                ; 0                 ;
; memory|memory                                     ; 18    ; 0              ; 0            ; 0              ; 8      ; 0               ; 0             ; 0               ; 0     ; 0              ; 0            ; 0                ; 0                 ;
; memory                                            ; 21    ; 7              ; 1            ; 7              ; 8      ; 7               ; 7             ; 7               ; 0     ; 0              ; 0            ; 0                ; 0                 ;
; program_counter                                   ; 13    ; 11             ; 0            ; 11             ; 16     ; 11              ; 11            ; 11              ; 0     ; 0              ; 0            ; 0                ; 0                 ;
+---------------------------------------------------+-------+----------------+--------------+----------------+--------+-----------------+---------------+-----------------+-------+----------------+--------------+------------------+-------------------+
