v2.0 raw
120 12 80 1 12*0 120 12 80
24 4010 1 10*0 120 12 80 24
1010 1 10*0 120 12 80 14800 1
11*0 120 12 204 1 12*0 120 12
80 14c00 1 11*0 120 12 80 1
12*0 120 12 80 28000 1 139*0 120
12 80 1 12*0 120 12 80 24
4010 1 10*0 120 12 80 24 1010
1 10*0 120 12 80 14800 1 11*0
120 12 204 1 12*0 120 12 80
14c00 1 11*0 120 12 204 1 12*0
120 12 80 28000 1 139*0 120 12
80 1 12*0 120 12 80 24 4010
1 10*0 120 12 80 24 1010 1
10*0 120 12 80 14800 1 11*0 120
12 204 1 12*0 120 12 80 14c00
1 11*0 120 12 80 1 12*0 120
12 80 28000 1 139*0 120 12 80
1 12*0 120 12 80 24 4010 1
10*0 120 12 80 24 1010 1 10*0
120 12 80 14800 1 11*0 120 12
204 1 12*0 120 12 80 14c00 1
11*0 120 12 204 1 12*0 120 12
80 28000 1
